-0.0206765839547822,0.00295964796535094,0.0148811854095973,0.00271490527323199,0.00292583105941413,0.00913378526064683,0.00269539027101664,0.00265021918197272,0.00209184447522918,0.0146347778012054,0.00237640868935119,0.0028699608362885,0.0165358392477838,0.00243859740620109,0.00351218181828457,0.00210480898719043,0.0040533341944017,0.00284419557462236,0.00260281000875865,0.00356081920842129,0.00358470120413938,0.00371685734501591,0.00376402087484546,0.00197348530445035,0.00229512802278153,0.00396291013518568,0.00423120729851,0.00225224960532654,0.00177387276081124,0.0035103531397553,0.00236008705113472,0.00424842962913642,0.00338892342666986,0.00300868111427384,0.00331029024991122,0.00258591520264494,0.00376598602192169,0.00355391389994509,0.00336845314462578,0.00325300075389721,0.00310667917784617,0.00181661470971926,0.0032865174290307,0.00315086769335198,0.00312854143906924,0.00349943565599846,0.00535035855842359,0.00341359693996031,0.00361439675995798,0.00262087844437622,0.0026848276054819,0.00360541712956798,0.00262980348734743,0.00350762376881609,0.00424182455146353,0.00348786312321621,0.00307564623026735,0.00283379667134397,0.00473988016045053,0.00303380497376927,0.0030785939508817,0.00357558510520241,0.00375561441235269,0.00330715147333113,0.00298505840879498,0.00326836711228496,0.00280461969600382,0.00323905366839785,0.00302291478372182,0.00386844660697963,0.00310334934530033,0.00330199296225602,0.00270614399251713,0.00461007127858172,0.00220826579264117,0.00276310596401844,0.00277836314756862,0.00318610387217718,0.00325188171181213,0.00274741208111798,0.0029207544294672,0.00381222156563191,0.00237062242296007,0.00318143664787113,0.00304739724104653,0.00309417865894459,0.00353270668774743,0.00355178499061251,0.00325966041898888,0.00340510859633937,0.00346067858866168,0.00312774992149687,0.00295945690938519,0.00260059921829789,0.00309532499473906,0.00286401080764103,0.00306609343198012,0.00277972783303823,0.00351496577664257,0.002948375663372
0.00295964796535094,-0.0414192893288352,0.00299859608865346,0.00394544216117474,0.00392751019410413,0.00330968978830459,0.00262942137541594,0.00359138816294044,0.00226434071858724,0.00231521619289411,0.00188154644436306,0.00351240016795971,0.004232599277689,0.0028813696068144,0.00387898197880498,0.00233972594392821,0.0042920176830356,0.00253891543507175,0.00220961683125608,0.00387917303477072,0.00505626883972373,0.00467115460020123,0.00419534336436879,0.0016133857495857,0.00330855709936482,0.00496576289937954,0.00380837315260762,0.00232607908923217,0.00180602475047513,0.00475041553227588,0.00276490734883832,0.00413374146227082,0.00392333425656714,0.00369694658401438,0.00445534324003791,0.00358934113473603,0.00368989116013652,0.0111213677659982,0.00357694979067202,0.00415650441590383,0.00466061922837588,0.00221795505947537,0.00460854283085576,0.00312223659219967,0.00347841949976655,0.00386170506075978,0.00327453549060757,0.00317240243006234,0.00360140495428734,0.00291390370840978,0.00378951319941768,0.00352299012720384,0.00385769288547914,0.00298713273070878,0.00312234576703723,0.00380796374696674,0.00331228269069684,0.00312600312409578,0.00357752295856925,0.00350039093582718,0.00416166292697894,0.00349987235534873,0.00310182089757438,0.00333179769291219,0.00361991008925518,0.00382665993790032,0.00337481257891414,0.00341834604539454,0.00329765326246268,0.00325136313133368,0.00363025440511479,0.00342983669704861,0.00306194478815252,0.00371917731031424,0.0019467101755367,0.00333043300744259,0.00352986814197065,0.00393239576808531,0.00297299458924367,0.00334296082005356,0.00364452901512685,0.00444472598708439,0.00300798512468434,0.00463469020445339,0.00345396433615123,0.0041241340765648,0.00306653013133039,0.00370544857449002,0.00347154148499974,0.00335963727649213,0.00310848056266605,0.00320338079022237,0.00355918158585776,0.0037075911306773,0.00255834855615892,0.00375149306223449,0.00339814870044438,0.00333791148381602,0.00375689721669412,0.00315400646993207
0.0148811854095973,0.00299859608865346,-0.0260178537079782,0.00308498067887945,0.00276406124384716,0.00600215963241629,0.00243588168211658,0.00313817611848465,0.00218027609365958,0.0158156674317639,0.00245012899841925,0.00313934974798851,0.0147755587542499,0.00335543404524575,0.00397450996167732,0.0025466668485391,0.00411840239759246,0.00288944854479446,0.00267496092953666,0.00456705639257977,0.00391577389906553,0.0041030633329141,0.00344533952398332,0.00199398288020381,0.0025563424685186,0.00351160865038734,0.00345822215481639,0.00223519103695648,0.002263453673032,0.00318296509559708,0.00237613575225727,0.00498653341222692,0.00357236444749415,0.00350763741567079,0.00319453762837933,0.00413210383970729,0.0040388139410051,0.00338038049563013,0.00382627782596884,0.00457718235876424,0.00365460039389254,0.00205525725778907,0.00418729172009812,0.00329574270280523,0.00358893172909515,0.00384388226852674,0.00383097234398428,0.00357583074858694,0.00329557894054888,0.00311983474577316,0.00328253254745946,0.00332262700655645,0.00357416583231403,0.00345366410534791,0.0027238576099126,0.00301453561493845,0.00330111956355548,0.00311568610194556,0.00345560195871475,0.00282702783141473,0.00335226797495627,0.00332358228638517,0.00315116792415529,0.00333223439226247,0.00387789023042929,0.00307070606886738,0.00337148274636831,0.0031825556899562,0.0031169416125776,0.00288854785238452,0.00313255361434988,0.0031832653264004,0.00324615003283979,0.00477500716443816,0.00228975116203128,0.00275551831280744,0.00281054243094191,0.00365088844941521,0.00372157915674075,0.00342383208098235,0.00353756496801922,0.00411632807567866,0.00328348782728818,0.00422247331150453,0.00406302346123589,0.00429275461318918,0.00298096435238617,0.00376475780499905,0.0031580459389221,0.00301565465702352,0.00359209779938463,0.00265821623882461,0.00329942735357317,0.00218959689541698,0.0030101959151451,0.00398594602591261,0.00307911253136015,0.003123164578319,0.00319475597805447,0.00329001102383289
0.00271490527323199,0.00394544216117474,0.00308498067887945,-0.0623097275242661,0.00363265625154129,0.00266853326097482,0.00222260863692672,0.00369188360092214,0.00352891286214193,0.00293647560607705,0.00338900530779803,0.00622640474878176,0.00545718613698426,0.00366871124164825,0.0101469277532815,0.00256525386463512,0.00435951502636225,0.00267603903105765,0.00329017478608925,0.00560599144058998,0.00385597338178744,0.00384423708674884,0.00443782067860818,0.00310861703121301,0.00333275297274092,0.0040940837025241,0.00547506351663609,0.00236598249236341,0.00235198081944527,0.00443127018835408,0.00318364743833189,0.00699586900396379,0.00318304697672526,0.00722341665916571,0.0076503721551863,0.00529533444028912,0.00488622903021096,0.004431543125448,0.00318127288561477,0.00536466046214505,0.00536949144870745,0.00200309897914077,0.00504202152342106,0.00546420062029803,0.00750732582426232,0.00327175153224958,0.00479804305516509,0.00341324212173822,0.00360997517903646,0.00349495948765816,0.00333668326689338,0.00372856634634512,0.00646476071290296,0.00439032962426593,0.00413505156032164,0.00396132710004094,0.00331026295620183,0.00371923189773303,0.00400024792963407,0.00294163411715215,0.00272159223203306,0.00373323357065117,0.00501188926825218,0.00462057935669767,0.00822730658431647,0.00450905726012156,0.00368860835579509,0.00371008850508667,0.00322030289004547,0.00366082335963394,0.00375695180411291,0.00353046860357728,0.00792702119358461,0.00474645794441403,0.00254067587932754,0.00387971890895856,0.00315946521181049,0.00542225018896238,0.00622020907674976,0.00842245660646997,0.00552296397661922,0.00350653202044041,0.00806321680345118,0.00442553850938174,0.00465636140971071,0.0054881372034349,0.00390676697496613,0.00493014460862285,0.00272797896003081,0.00340516318375815,0.00504617016724866,0.00376658648352832,0.00611384549124875,0.0030343781416665,0.0026879390883526,0.00448522985182226,0.00427315772984566,0.0061143640717272,0.00406771797925133,0.00659601616136955
0.00292583105941413,0.00392751019410413,0.00276406124384716,0.00363265625154129,-0.0564073504823627,0.00258160279656099,0.00186694430983829,0.00319197201969648,0.00476815644338075,0.00587748196791318,0.00231068543713502,0.00391787551468872,0.00602707878909127,0.00292034502382632,0.00705700691300209,0.00226614210340712,0.00957195847122757,0.00324928880941988,0.00276015824340409,0.0141585025723133,0.00722270702272152,0.00413745340674814,0.00600805507364498,0.00319122144268819,0.00549588861690226,0.00603166413226914,0.00813985753942419,0.00255575565376667,0.00218633529714462,0.0172402625934845,0.0028036644161751,0.00326487351748277,0.0048184041623716,0.00579946289961587,0.0057375198261505,0.00528984840470131,0.00472148420032026,0.0093860337228486,0.00349768885859737,0.004125157590667,0.00424007775406243,0.00220250681995944,0.00540423634076359,0.00999356440020731,0.00685547016285084,0.00712365815133759,0.00609621375498145,0.0030595975291448,0.00306197208186191,0.00268583747272941,0.00944520648481067,0.00463559089686333,0.0134109961063372,0.00749433401859168,0.00466801582362114,0.0173005543975316,0.00692212140118634,0.00835665147312563,0.00546010656388922,0.00303159418330851,0.00907327510692455,0.00486949798635361,0.00424048715970332,0.0124661015340375,0.00667112844961661,0.011191730948811,0.00360653617165305,0.00351038043346469,0.00523976444796681,0.00828347703824541,0.00419859131578645,0.00378675653476908,0.00672110323151354,0.00462573786777278,0.00236254348498001,0.0124608884355436,0.00561843737207278,0.00645064986514724,0.0089131702076305,0.00677727368544248,0.0059382104713106,0.00515963011719161,0.0130612135736228,0.00531886161778511,0.00739946108474475,0.0068214076135295,0.00331973387336089,0.00448241859975487,0.0029563181328051,0.00359965815688625,0.00880667015358254,0.0143147044711643,0.00815593353425614,0.00410805808173286,0.00303893619113498,0.00617629349833787,0.00446492333203454,0.00630427370167742,0.00332470132847025,0.00715389958134404
0.00913378526064683,0.00330968978830459,0.00600215963241629,0.00266853326097482,0.00258160279656099,-0.0351083928888494,0.00288529990096686,0.00322715361110289,0.00191558169997501,0.00514369059090663,0.00199167656176018,0.00256888392798427,0.00519653121228973,0.00277792644821835,0.00372859364005452,0.00217023200860329,0.00404473667594319,0.00223003252588137,0.00344432965673581,0.00304496810091064,0.00398766552960431,0.00344779595782861,0.0038174073704164,0.00204069606382839,0.00221429770241683,0.00307679256606182,0.00350017258615205,0.00219053852839101,0.00140576250224001,0.00329366838089143,0.00223576420485371,0.00373882878107655,0.00288658270530829,0.002922828751381,0.00314415344084152,0.00292604940908927,0.0036146696970519,0.00779541092689591,0.00295055916012337,0.00240523084646925,0.00333059676969894,0.00191881600453797,0.00335567968863028,0.0050460336987017,0.00349517783733329,0.00352331765171655,0.00417623776779432,0.00397156224106297,0.00306770376083425,0.00192284182667331,0.00331293773972225,0.00367575301867141,0.00377865030307962,0.0091263067842734,0.00328594426113347,0.00311017277264836,0.004104100493871,0.00362195711745959,0.00356117402664339,0.00287124364062993,0.00345912284722633,0.00355418683703901,0.00348775394837864,0.00346299855396001,0.00364373749755448,0.00352056098706795,0.00310408627545392,0.00290978235829157,0.00285473094644771,0.00599328917686385,0.00392600904008756,0.003012625055281,0.00307520953091708,0.00346564604377104,0.00211669539763069,0.00322769948529073,0.00325938748189496,0.00269457145973488,0.00378823039507625,0.00343565025714913,0.002994665794501,0.00349138401172779,0.00263949275418163,0.00354760905307551,0.0027877794773089,0.00257900989416874,0.00434641404585405,0.00296409683998185,0.00268930377382221,0.00408543159664681,0.00780499101889254,0.00269953891484424,0.00294853942562835,0.00214079574302391,0.004032263450751,0.00299608506738939,0.00279937930380054,0.00307130653047401,0.00327358021077885,0.00356267518065995
0.00269539027101664,0.00262942137541594,0.00243588168211658,0.00222260863692672,0.00186694430983829,0.00288529990096686,-0.0530323837742661,0.00236491803769712,0.00363148262203743,0.00178432625150841,0.00155623272211865,0.00227023615981593,0.00314046879007359,0.00184737472020416,0.00250187787142667,0.00270366026496245,0.00311213791972459,0.00500127201529866,0.00210872563448819,0.00291968997480091,0.00304930780070398,0.00299169078017726,0.00273155443596117,0.0018188937344535,0.00222629328769465,0.00381931793007385,0.00330846157138195,0.00350806046816636,0.00140153197728424,0.0033576721294159,0.00156925182149868,0.00291373994615343,0.00237621763338545,0.00240924302174989,0.00269593614520449,0.00291420393921309,0.00693786987150558,0.00270191346756136,0.00233202911787964,0.00279684098882707,0.00291008258909489,0.00142836169361667,0.00273865080040312,0.00257024861345387,0.00343857068405408,0.00306723976777459,0.0032233051980786,0.0031148672906638,0.00281122477367671,0.0037932524376044,0.00254863199561533,0.00228074423793189,0.00286428374473495,0.0027587389705157,0.00371478302310211,0.00299698575979933,0.00236729259041423,0.00296033030808574,0.003565950425787,0.00230238814947982,0.00272156493832367,0.00389404810638942,0.00310905373056328,0.00286813215775923,0.00342137564713706,0.00307130653047401,0.0026917329139581,0.00280328230424361,0.00260873274369673,0.00226368566956183,0.00289247814653698,0.00266564012777926,0.00245512374723801,0.00274151663988929,0.00145435895181264,0.00270259581029616,0.00236846621991809,0.00272786978519324,0.00275437197701297,0.00236554579301314,0.00193171228222574,0.00264680746829871,0.00194099214341905,0.00257854590110907,0.00332511073411113,0.00285544058289191,0.00279105472243595,0.00292321086331249,0.00189669445307568,0.00364048954613682,0.0034730426390163,0.00257483395663175,0.00202745861477322,0.00230519940154721,0.00187878977971446,0.00248080712777597,0.00266506695988202,0.00249742899679576,0.00369597765733096,0.00437747428714226
0.00265021918197272,0.00359138816294044,0.00313817611848465,0.00369188360092214,0.00319197201969648,0.00322715361110289,0.00236491803769712,-0.102331681685014,0.00251787198513044,0.00217115999472262,0.00339350876984773,0.00412044942579687,0.00408562265261255,0.00713896992230656,0.00562160344236226,0.00746117216168028,0.0106925017103202,0.00260016251894761,0.00487030315078067,0.00402661365290683,0.00539542047262995,0.00285945275817255,0.00418843805589258,0.00267541127574163,0.00264998718544289,0.00400174908365063,0.00347337016352901,0.00280915045176291,0.00266737327832566,0.00568514319782707,0.0148008873165657,0.00477760006683041,0.00408835202355176,0.00566819380429457,0.00618093342893453,0.00327407149754791,0.00412454348220568,0.00412077695030957,0.00247403828784673,0.00352252613414418,0.00392669138282236,0.00218098573010377,0.00425972922482474,0.00429043464789085,0.00485787086615257,0.0054591239903511,0.00282659113206446,0.00608769811765112,0.00293549303253893,0.00556008342139247,0.00431887469307742,0.00368123905425923,0.00507179896036784,0.004124843713009,0.00338482937026104,0.00477689043038622,0.0042239471718117,0.00384246299563835,0.00579601024537777,0.0021808765552662,0.00404476396965258,0.00760986829044843,0.00492127415307042,0.00493538500082613,0.00613770019325744,0.00480412955235953,0.00239152940435442,0.00397991411613696,0.00327423525980426,0.00357686790954384,0.00579311711218221,0.00464800953463673,0.00593815588389182,0.00365053363119312,0.00405413935882877,0.00305845119335033,0.00364769508541634,0.0044571173311484,0.00575294077195704,0.00525281084105623,0.00509000386453237,0.00314710116145587,0.00547072381684274,0.00521580057112055,0.00412978387440897,0.00407484163740267,0.00441797815188013,0.00365157079215002,0.00248965028961901,0.00581688993306272,0.00639865534875529,0.00272271127411813,0.00433770735255797,0.00251582495692603,0.00283243198587437,0.00350003611760509,0.00387658013237847,0.00523198574079006,0.00479954420918166,0.00426510608557499
0.00209184447522918,0.00226434071858724,0.00218027609365958,0.00352891286214193,0.00476815644338075,0.00191558169997501,0.00363148262203743,0.00251787198513044,-0.0347213745117188,0.00367294176660403,0.00171396306869558,0.00289572609795464,0.00443470919573749,0.00206894505304921,0.00737200361309629,0.00227050909690985,0.00476239747069902,0.00265955363058482,0.00272930270493633,0.0111365703621296,0.00312654899828362,0.00340660975035594,0.00488794853390267,0.00362038772916954,0.00168430845344107,0.00435654001203852,0.00379480817903975,0.00248255392517706,0.00179411104632548,0.00782917324541394,0.0018454914542561,0.00345249047584405,0.00271160273439555,0.0056546424775814,0.00630178997412274,0.00530521476308906,0.00590059973976829,0.00571186373932193,0.00320444524488867,0.00378596501719671,0.00325515695693918,0.00222842219702724,0.00624193486942587,0.00620749020817304,0.0096330144991377,0.00373375215112962,0.00385658749024876,0.00236489074398773,0.00355566069734618,0.00420077481253781,0.00406223194366352,0.00382204730101306,0.00719833374023438,0.0057029932837695,0.00310572389801745,0.00740622992467399,0.00354859162661363,0.00409277360447328,0.00341976531828293,0.00252783418905855,0.00396266449180115,0.00313061576098304,0.00481594772852631,0.0100137071577387,0.00865060472327852,0.00923526327216665,0.00388517765083698,0.00305375667533489,0.00401730649800413,0.00518203825260252,0.00287752119379011,0.00436259921552356,0.00543745278509378,0.00365697494660965,0.00221807788116763,0.00467707733513932,0.00271408646195023,0.00425129546862259,0.0101302240031335,0.00700220114454276,0.00437564560861299,0.00340830196033825,0.0154586384192059,0.00387521544690887,0.00586541814836187,0.00493511206373221,0.00316413243611654,0.00332265430026584,0.00243593626953536,0.00338916907005439,0.00623380134402702,0.00681750461308643,0.00484558869692613,0.00270391955520167,0.00255305357653685,0.00446604237411961,0.00451940157598117,0.00493983387545704,0.00307840289491596,0.0101461089419997
0.0146347778012054,0.00231521619289411,0.0158156674317639,0.00293647560607705,0.00587748196791318,0.00514369059090663,0.00178432625150841,0.00217115999472262,0.00367294176660403,-0.0171397816051136,0.00171835735590771,0.00242793921268348,0.0129042747446182,0.00177396828879411,0.00525136427445845,0.00145980404683636,0.01042581487585,0.00258081127898862,0.00233969865021882,0.00725679686575225,0.00412186869868526,0.00295383440525042,0.00414405848442103,0.00280830434677175,0.00226166593506681,0.00462797595194293,0.00358622965186533,0.00227782381102694,0.0024803431347163,0.0102461676806312,0.00207849785133644,0.0034896372143267,0.002586406489414,0.00429110334377096,0.00485868967743434,0.00427078317712854,0.00431508086747192,0.00688958729959096,0.00266533989697594,0.00317181561531041,0.00339787576335046,0.00188738729817297,0.00467464819500342,0.00942642841274891,0.00504183046745531,0.00825732966464778,0.00541815613255356,0.00323021050655481,0.00334604500921487,0.00194276623452954,0.0114241914717035,0.0037386650188202,0.0122835884993325,0.00750113015223031,0.00487381039243756,0.00922764832724626,0.00817694969048805,0.00951065679993292,0.00478600652932318,0.00264563383879485,0.00816955309524279,0.00333613739270554,0.00403166298914437,0.00734907689720693,0.00486635920977352,0.00722797470863419,0.00284692494556157,0.00245051111035074,0.00312949671889796,0.00646727173416703,0.0034178001712067,0.00314805644128459,0.00492094662855771,0.00400887274180197,0.0022644771871342,0.0121090998151888,0.00516063998443912,0.00480759585345233,0.0057896781047988,0.00442114422216961,0.00519579428213614,0.00322013912778912,0.00788310561517272,0.00361980091441761,0.00450802009916466,0.00513293686940614,0.00266905184145327,0.00439275876440183,0.00274793066159643,0.00251162172567965,0.00865729168207958,0.00878199664029208,0.00463684640749536,0.00240984348335651,0.00230956639504995,0.00444980261703132,0.00358431909220789,0.00474831391665269,0.00257701745338311,0.0057364826651936
0.00237640868935119,0.00188154644436306,0.00245012899841925,0.00338900530779803,0.00231068543713502,0.00199167656176018,0.00155623272211865,0.00339350876984773,0.00171396306869558,0.00171835735590771,-0.0575711799390388,0.00700321101179027,0.00237092265376338,0.00300495552294182,0.00352258072156296,0.00262429015805023,0.00463277964479594,0.00230358907269308,0.0023149159620908,0.00282077757196394,0.00276943810459741,0.00212683501066985,0.00268531889225096,0.00186282295972008,0.00187281245735759,0.00230653679330742,0.0028679138080841,0.00137014421148332,0.00143534888322105,0.00244303263397731,0.00293254531192458,0.0049044066406661,0.00239387666336214,0.00208802335591429,0.00249540926230074,0.00269129621460783,0.00261015201658512,0.00636964213567149,0.00266820573646211,0.00192674482711638,0.00681695873889859,0.00132023766385987,0.00252818900728065,0.00368994574755531,0.00253937942813141,0.00266026326702901,0.00438765484074551,0.00402606777871899,0.00303331368700021,0.00131673042220299,0.0028927783773403,0.00239292138353341,0.00297258518360279,0.00586214290323482,0.0030222870284058,0.002395050292866,0.00271828969319661,0.00267874110828746,0.00386773697053543,0.00231120401761347,0.00236445404463745,0.00203319029374556,0.00211384320499921,0.00365539191146491,0.00342317703195694,0.002439948444816,0.00234824158125855,0.00237752773143627,0.00252155663589837,0.00797451224792686,0.00254849552706837,0.00246399420279044,0.00255894901776555,0.00252185686670169,0.00185316098659528,0.00259770608510233,0.0031507858122238,0.00232670684454818,0.00342738026320332,0.00388908065128005,0.00174229393904458,0.00352847616279165,0.00204301602912672,0.00254778589062418,0.00248326356162126,0.00283052142621692,0.00421245652015763,0.00907974371605048,0.00195652226406316,0.00243015000314424,0.00428006303832186,0.00233811561507408,0.00168830698186701,0.00227334764268663,0.00321012233644222,0.00294613757920185,0.00253473949753475,0.00229559201584119,0.00277369592326257,0.00255837584986831
0.0028699608362885,0.00351240016795971,0.00313934974798851,0.00622640474878176,0.00391787551468872,0.00256888392798427,0.00227023615981593,0.00412044942579687,0.00289572609795464,0.00242793921268348,0.00700321101179027,-0.0675060387813684,0.00377703997422549,0.00398818411008276,0.0050183851710875,0.00416158104585076,0.00581066696732133,0.00279050884824811,0.00329194887719973,0.00491532412442294,0.00448662183100126,0.00357056306267427,0.00473403930664062,0.00218245959041095,0.00253396162681708,0.00379257009486959,0.00362558718080874,0.00186792688337641,0.0025870751852941,0.00367146790629686,0.00329235828284061,0.00904958416717221,0.00295620895796753,0.00424578213932538,0.00421764232494213,0.00364259116176002,0.00393326916678586,0.00476163324683604,0.00286611242326422,0.00373309710210421,0.00645234207512955,0.00179419292745365,0.00382696016870364,0.00584216390795981,0.00366068689108698,0.00357299220281017,0.00449901317506527,0.00369570472023704,0.00333182498662159,0.00380782727841978,0.00339353606355712,0.00344381107625737,0.00558317389953819,0.00490137703892358,0.00311636844468036,0.00297225765909009,0.00341558938074594,0.00381197592224738,0.00433175732391049,0.00273242783466172,0.00448528443924104,0.00245258543226454,0.00338515689477375,0.004703715995506,0.00439093008587256,0.00398706506799769,0.00297995448513866,0.00414670597423207,0.00307853936346292,0.00607388750069872,0.00537664240056818,0.00438197774919195,0.00311050029716106,0.00459265789198956,0.00284187560932403,0.00360538983585859,0.00301368950994729,0.00403144463946924,0.00424198831371988,0.00491101171833899,0.00345985977737992,0.00497479711718832,0.00389456668686786,0.00366374378653889,0.00348813606031013,0.00455739441945497,0.00338987870649858,0.00618251646407927,0.00247196396593293,0.00287541957816692,0.00544689640854344,0.00341250519158463,0.0036992801961674,0.00263374742835459,0.00226368566956183,0.00381647938429707,0.00328002152619538,0.00350396641175755,0.00559611111779004,0.00390319149903577
0.0165358392477838,0.004232599277689,0.0147755587542499,0.00545718613698426,0.00602707878909127,0.00519653121228973,0.00314046879007359,0.00408562265261255,0.00443470919573749,0.0129042747446182,0.00237092265376338,0.00377703997422549,-0.0277242949514678,0.00891427560286088,0.00932088363852967,0.0036771722915598,0.00885154101182315,0.00366090524076211,0.00387221313887574,0.0091187191330624,0.0052767474241931,0.00448462939021563,0.00575280430341008,0.00390491100272747,0.00444016793761591,0.00696284361559935,0.00678041246202257,0.00280180844393643,0.00351080348596027,0.00971560526375819,0.00340953017726089,0.00486144634208294,0.00433426834517456,0.0156098455692381,0.00922893113158769,0.012027600798944,0.00607312327683574,0.00845927582043991,0.00490033987796668,0.0156936781976359,0.00666272198712384,0.00305950200116193,0.00903203431203309,0.00902873177319665,0.0091173271538834,0.007237636681759,0.00906072000060419,0.00597874162975786,0.00464503452031299,0.00473098241118871,0.00844218995836046,0.0047033884709933,0.0102029617386635,0.00846309693975481,0.00654006405711575,0.00871026877200965,0.00736954717925101,0.00813917519668939,0.00847671650074146,0.00336842585091639,0.00681458418618148,0.00632665454337894,0.00578462876856126,0.00879717194271409,0.00927399304579404,0.00803488593310218,0.00440242073752663,0.00439955489804046,0.00476294334488686,0.00905749934289592,0.00550759761823147,0.00458296862515536,0.00864350835883657,0.00514399082170994,0.00344349719859936,0.00905815439192133,0.00525166450526176,0.0148391803908428,0.00857658418340715,0.0091356139391761,0.0134962753013328,0.0058964238022313,0.0141613547649448,0.00865237881438901,0.0147979395959514,0.015273204957596,0.00684932907823762,0.00677612734964801,0.00365719329628479,0.00631830266830496,0.00874135630700725,0.00864129756837581,0.0110603390317975,0.00539892771428683,0.00547094216651788,0.0108387959926618,0.00518716946996824,0.0121883880409729,0.00414334884797684,0.00798390128395774
0.00243859740620109,0.0028813696068144,0.00335543404524575,0.00366871124164825,0.00292034502382632,0.00277792644821835,0.00184737472020416,0.00713896992230656,0.00206894505304921,0.00177396828879411,0.00300495552294182,0.00398818411008276,0.00891427560286088,-0.0556071888316761,0.00462399107037169,0.00659484253186569,0.00652827317465837,0.00254546592532585,0.00597633978333136,0.0029342102281975,0.00400734429407601,0.0027677186009057,0.00304161097465541,0.00167133029462512,0.00270653975130332,0.00313667496446809,0.00328288736568156,0.00221605814667262,0.00298417136323974,0.00365724788370357,0.00398035081548723,0.00344482094350487,0.00315062204996745,0.00779816759154451,0.00476370756874984,0.00808093042084665,0.00296196793064927,0.00534367159962253,0.00223592796711007,0.0101379344760368,0.00433089757206464,0.00242263058620671,0.0054404823868363,0.00436052489360976,0.00369589577620278,0.00484678962013938,0.00394111610823609,0.00717608936707982,0.0027027868662619,0.00409143621271307,0.00459604231195418,0.00367427915836424,0.0046266931476015,0.00544933919553404,0.00332714411546084,0.00319972343316383,0.00453918951529044,0.00456238916827372,0.00687996626703025,0.00270567999945747,0.00289225979686185,0.00386568994233103,0.00304938968183216,0.00332257241913767,0.0047641715618095,0.00427143822615395,0.00210584614814733,0.00299013503874191,0.00250070424192281,0.00488296743193861,0.0028620183668554,0.0029901896261607,0.00449917693732162,0.00322278661760016,0.00328984726157654,0.00270786349620883,0.00303181253298365,0.00861397656527432,0.00371382774327339,0.00460005448723482,0.00712646940340498,0.00398862080943303,0.00612846127262822,0.00737001117231067,0.00845791113497031,0.00833660424357713,0.00608524168380583,0.00353199705130323,0.0022631125016646,0.00482263468732738,0.00557162866046533,0.00292252852057768,0.00556715249212503,0.00329290415702846,0.00322095793907088,0.00829792905736853,0.00351212723086579,0.00584489327889902,0.00220241129197657,0.00352159814802484
0.00351218181828457,0.00387898197880498,0.00397450996167732,0.0101469277532815,0.00705700691300209,0.00372859364005452,0.00250187787142667,0.00562160344236226,0.00737200361309629,0.00525136427445845,0.00352258072156296,0.0050183851710875,0.00932088363852967,0.00462399107037169,-0.0390148740826231,0.00362970853092695,0.0079336262712575,0.00319521997111414,0.00437246589146881,0.0140492731473261,0.00589312126339485,0.00548409773444487,0.00798319164751355,0.00640605194400055,0.00476228829586145,0.00910679178205805,0.00748186079339949,0.00288830220899999,0.00335708531466397,0.0101860942262592,0.00390802248559817,0.00497848176795625,0.00478251293452099,0.0174559647788102,0.0261890510918717,0.00987235303679701,0.00895514793267555,0.0125640586570457,0.00479968067772862,0.00793182488643762,0.0101670705108129,0.00365263524681631,0.0112148760143755,0.0165179891618414,0.0220483770274153,0.00706257482971808,0.00827351483431729,0.010142997459129,0.00446211207996715,0.00480325615365899,0.00668409296157785,0.00628844335023,0.0173658136566881,0.0128182176789049,0.0100228232566756,0.00976574380791147,0.00713001758562595,0.00722595497413918,0.00871258873730798,0.00452862684975569,0.00688374644578105,0.00704112197413589,0.00822130196825021,0.0130961768153541,0.0288135868933064,0.0114178047437058,0.00522548983795474,0.00468234502105199,0.00537404949817593,0.0112035491249778,0.00481864980575613,0.00695007015960385,0.0246129212556062,0.00421447625465265,0.00401565522858591,0.00723460708001647,0.0075540253610322,0.0101117734555845,0.0164188584093293,0.0268019586299806,0.0117715858048462,0.00535199618098712,0.0220054986099603,0.00984459533434524,0.00989437906027643,0.00953762298481232,0.00760484624792028,0.0102899467904961,0.00323171166057137,0.00644783861307985,0.0162808068272241,0.00804471166848334,0.0134520594921176,0.00478668887205798,0.00733668555314292,0.00934517503988863,0.00993261754713476,0.0146919308286725,0.00452693463977339,0.0198631607723557
0.00210480898719043,0.00233972594392821,0.0025466668485391,0.00256525386463512,0.00226614210340712,0.00217023200860329,0.00270366026496245,0.00746117216168028,0.00227050909690985,0.00145980404683636,0.00262429015805023,0.00416158104585076,0.0036771722915598,0.00659484253186569,0.00362970853092695,-0.103788664846709,0.00561401579115126,0.00212385999634611,0.0039870241274336,0.00233475848881885,0.00323823485711608,0.00267183579981126,0.00254568427500099,0.00259148311936093,0.00192385169392082,0.00326282648927836,0.0029749870300293,0.003742131319913,0.00447566340668033,0.00329839019261627,0.00448839592211174,0.0031580459389221,0.00268212552825208,0.00370252814758506,0.00361619814477786,0.00358644800154047,0.00362542341855239,0.00293472880867595,0.0024171309037642,0.0033542467688872,0.00290290434352477,0.00153917415374859,0.00356704217416269,0.0025843321675002,0.00407467787514632,0.00341474327575478,0.00311524940259529,0.00799604698463723,0.00217416230275575,0.00547820229321618,0.00488216226751154,0.0024862112822356,0.00264055720884792,0.00330619619350241,0.00211523518417821,0.00295814681133437,0.00365389075744834,0.00494373687590011,0.00473371178212792,0.00252122911138567,0.00273349228932801,0.00586631884077181,0.00329989134663283,0.00545737719295001,0.00549506980562049,0.0035752848743991,0.0016890166183112,0.00303656163841787,0.00239404042561849,0.00326746641987502,0.00399880136303629,0.00405418029939285,0.00333095158792104,0.00248954111478144,0.002590896304609,0.00232790776776144,0.00266042702928537,0.00551586761217727,0.00248626586965439,0.00272009107801649,0.0032540652085635,0.00394568780455926,0.0026689426666157,0.0047313645231202,0.00427886211510861,0.00292943382905388,0.00406564365733754,0.00216122508450389,0.00201730535487936,0.00528750114569359,0.00572567435627433,0.00207252052897957,0.0031283503831035,0.00164122533316564,0.00215134476170395,0.00329923629760742,0.00342568805322101,0.00234957897301876,0.00418609079688486,0.0037673507073913
0.0040533341944017,0.0042920176830356,0.00411840239759246,0.00435951502636225,0.00957195847122757,0.00404473667594319,0.00311213791972459,0.0106925017103202,0.00476239747069902,0.01042581487585,0.00463277964479594,0.00581066696732133,0.00885154101182315,0.00652827317465837,0.0079336262712575,0.00561401579115126,-0.0539453679865057,0.0042899433611218,0.00638869314482718,0.00977436862007938,0.00829461287167739,0.00475191668629245,0.00777185645569053,0.00390777684221364,0.00395552718679512,0.00648184657498241,0.00539503836069846,0.00369302993671661,0.00380695387971923,0.0156871140605271,0.00861364904076162,0.00558814135464755,0.00464978362574722,0.00643293624775177,0.00772731312196263,0.00735025052671079,0.00825722048981021,0.012909269493437,0.00402975242948693,0.00590695917405665,0.00832709238585398,0.00438731366937811,0.00735314365990635,0.0181466048012679,0.00793318957190722,0.0259306615450567,0.00994751991246285,0.00909218964753328,0.00655709533177642,0.00388471365777732,0.0217783603603992,0.00687897004663744,0.0242535995714592,0.0135979716625278,0.0101205347362994,0.0146786660859079,0.0248930638888067,0.0250751402241614,0.0136141022447785,0.00450275241325199,0.0223723533578995,0.00687310189911813,0.00693044598255093,0.0105000264716871,0.0080697127062865,0.0106522161952574,0.00562654360376223,0.00420787117697976,0.00601788080902613,0.0114413046274924,0.00751747908415618,0.00590485755843346,0.00831584737758444,0.00513976029675416,0.00521328954985647,0.0189755147555059,0.012670995410444,0.010273024690673,0.00913433113483468,0.00878199664029208,0.0120932148763226,0.00525813311438769,0.0111731985201338,0.00924246881144617,0.00807290607028537,0.00831975037802751,0.00579838479809488,0.00947271854387791,0.00471517935345069,0.00612252489083544,0.0181268714493774,0.0127604641898313,0.0103937174736049,0.00515130553582702,0.00466187473900792,0.00768639985158387,0.00847518805301551,0.0096544400610105,0.00428893349387429,0.00814356948390151
0.00284419557462236,0.00253891543507175,0.00288944854479446,0.00267603903105765,0.00324928880941988,0.00223003252588137,0.00500127201529866,0.00260016251894761,0.00265955363058482,0.00258081127898862,0.00230358907269308,0.00279050884824811,0.00366090524076211,0.00254546592532585,0.00319521997111414,0.00212385999634611,0.0042899433611218,-0.035817695386482,0.00197233896865588,0.00360115931090281,0.00309666238649927,0.00267317319157148,0.00287288126319346,0.00179495715131663,0.00234817334698507,0.00326577420989271,0.00310329475788155,0.00203379075535219,0.00217610015612259,0.00380894632050485,0.00187813473068905,0.00302138633599586,0.00331673156532776,0.00315247802220611,0.00311582257049252,0.00298514028992316,0.00553631060051196,0.00325499319468283,0.00269028634736032,0.00276542592931677,0.00285563163885765,0.00156443448179097,0.00282413469821917,0.00341152261804651,0.00355061136110865,0.00305727756384647,0.00274274485681193,0.00250984763456916,0.00243211515022047,0.00184972197921188,0.00296199522435866,0.00315204132285584,0.00387799940526686,0.00326077946107396,0.00307046042548286,0.00391732964050087,0.00288699211094917,0.00273472050625066,0.00327953023942633,0.00310168442902742,0.00270431531398786,0.00323250317814374,0.00285538599547312,0.00342830824932265,0.00331053589329575,0.00352686583393752,0.00252969016129722,0.00282353423661255,0.00350440311110782,0.00326006982462976,0.00301704663620252,0.00289804606325297,0.00273109044290151,0.00326492810490155,0.00164354529846397,0.0031804813680424,0.00230926616424663,0.00280620273114856,0.00333654679834642,0.00327082354613025,0.002546312030317,0.00281733856458054,0.00368222162779734,0.00284304923882789,0.00260646736581719,0.00295154173366148,0.0029652977631951,0.00267251814254607,0.00244870972553086,0.00294463642518528,0.00316967305912313,0.00348314131149138,0.00287176222110838,0.00187361762178466,0.00224425254847466,0.00330319388546928,0.00245905404139047,0.00281777526393081,0.00315752735844365,0.00442414653020274
0.00260281000875865,0.00220961683125608,0.00267496092953666,0.00329017478608925,0.00276015824340409,0.00344432965673581,0.00210872563448819,0.00487030315078067,0.00272930270493633,0.00233969865021882,0.0023149159620908,0.00329194887719973,0.00387221313887574,0.00597633978333136,0.00437246589146881,0.0039870241274336,0.00638869314482718,0.00197233896865588,-0.0386848449707031,0.00493793696265429,0.00353434431031095,0.00290956400861644,0.00326348153830377,0.001639997116243,0.00127580350496954,0.003266838664559,0.00279143683436744,0.00225349146910388,0.00236590743466258,0.00461664906254521,0.00364642592792961,0.00370473893804582,0.00291051928844516,0.00277197641957087,0.00393399245008475,0.00294126565207536,0.00307253474739666,0.00312976965599189,0.00261929540923147,0.00216986354352649,0.00270226828578345,0.00206624297581939,0.00325488401984526,0.00375753861886484,0.0044481240539037,0.00477293284252436,0.00299493873159492,0.00406919183955851,0.00277536083953549,0.00274634762645169,0.00497034824255741,0.00421998958394985,0.00397295422024197,0.00418771477259369,0.00278863922915475,0.00422842334015201,0.00546974124330463,0.00549951868025141,0.00528361179210522,0.00258253078268032,0.00299270064742477,0.00397412784974583,0.00287713908185863,0.00454789620858652,0.0041738768619319,0.00591771289555713,0.00310201195354012,0.00310703399606827,0.00315654478490553,0.00298271114978726,0.00288882078947844,0.0028827615859934,0.00407258990637782,0.00319096215244897,0.00360209412044949,0.00347661811494667,0.002694162054094,0.00444580408860537,0.00522955660065417,0.00400569302465779,0.0043286185473304,0.00291545944984513,0.00611735273290563,0.00549759447373926,0.00297348587601273,0.0026209466786497,0.00482582805132625,0.00266670458244555,0.00244322368994305,0.00384508319173999,0.00645231478142016,0.00342205798987186,0.00376730976682721,0.0017815968805692,0.00247597614121357,0.00252330343329947,0.00311800606724389,0.00319176731687604,0.00265521393079148,0.00461963772372365
0.00356081920842129,0.00387917303477072,0.00456705639257977,0.00560599144058998,0.0141585025723133,0.00304496810091064,0.00291968997480091,0.00402661365290683,0.0111365703621296,0.00725679686575225,0.00282077757196394,0.00491532412442294,0.0091187191330624,0.0029342102281975,0.0140492731473261,0.00233475848881885,0.00977436862007938,0.00360115931090281,0.00493793696265429,-0.0476525046608665,0.00779620244446828,0.00514044263948897,0.0109739271478621,0.00526128553782248,0.00484977828131782,0.00762026719372682,0.00762815507574113,0.00292787808761854,0.00339634731562451,0.0183068461691089,0.00348649843774661,0.00461157243259828,0.00630640261101,0.0096851454840766,0.0130211464082352,0.0118402294839673,0.00723706351386176,0.0148430560975765,0.00499914310596607,0.00677757391624579,0.00836669555818192,0.00482474994980526,0.0112030305444994,0.0138752757499515,0.0184366550509777,0.00763787163628472,0.0116666141985241,0.00538581308692393,0.00534492711025456,0.00316626134544912,0.0094841546081132,0.0071081007369841,0.0173474722839767,0.0143762790795529,0.00736891942393499,0.0175076590643989,0.00696240691624908,0.00877274407280816,0.00757807111900664,0.00389688665216619,0.0102727244598697,0.00586555461690883,0.00720881452464094,0.0232767304186066,0.0145278410478072,0.0268832938839691,0.00659467876960934,0.00602069206109352,0.00828503277968076,0.0139641167740228,0.00534727436926228,0.00660098361647892,0.0113823502152054,0.00548379750364156,0.0043372433594983,0.0121772795012503,0.00627646141180687,0.00917862882517805,0.0226287231702194,0.01339493375836,0.00933163736003015,0.00632534444532812,0.0373086447667594,0.00971224813750296,0.00976517064001424,0.011361224884136,0.00680683277271412,0.00834835418547043,0.00387868174800166,0.0083394564362086,0.0138159665194425,0.0158566079958521,0.0114186508486969,0.00604146257394091,0.00568107643512764,0.0113696040529193,0.00672533375646932,0.00928624792131109,0.00417929466324623,0.0188082861980605
